[
    0.02673954793913429,
    0.016102821687102968,
    0.007534347761855518,
    0.016841483232382923,
    0.009159403161471414,
    0.005613827744127641,
    0.01233564780617521,
    0.003841040035455754,
    0.004210370808095731,
    0.0031023784901758012,
    0.008273009307135471,
    0.0028069138720638203,
    0.002437583099423844,
    0,
    0.002733047717535825,
    0.0033978431082877826,
    0.001920520017727877,
    0.0023637169448958487,
    0.0018466538631998818,
    0.005170630816959669,
    0.0025853154084798345,
    0.001920520017727877,
    0.003028512335647806,
    0.0039887723445117445,
    0.0025114492539518394,
    0.0019943861722558722,
    0.0013295907815039148,
    0.001920520017727877,
    0.0028807800265918154,
    0.004727433889791697,
    0.0015511892450879006,
    0.002068252326783868,
    0.005244496971487664,
    0.0018466538631998818,
    0.0019943861722558722,
    0.0022898507903678536,
    0.0013295907815039148,
    0.002068252326783868,
    0.001625055399615896,
    0.001920520017727877,
    0.0018466538631998818,
    0.0012557246269759197,
    0.0026591815630078296,
    0.0028807800265918154,
    0.001920520017727877,
    0.0022898507903678536,
    0.006130890825823607,
    0.004284236962623726,
    0.0187620032501108,
    0.006130890825823607,
    0.005022898507903679,
    0.002733047717535825,
    0.0023637169448958487,
    0.001920520017727877,
    0.002142118481311863,
    0.0019943861722558722,
    0.0022898507903678536,
    0.0023637169448958487,
    0.0028069138720638203,
    0.0017727877086718866,
    0.0017727877086718866,
    0.0008863938543359433,
    0.001107992317919929,
    0.0017727877086718866,
    0.0016989215541438913,
    0.0033239769537597875,
    0.0017727877086718866,
    0.0019943861722558722,
    0.0015511892450879006,
    0.002215984635839858,
    0.0022898507903678536,
    0.0022898507903678536,
    0.0031023784901758012,
    0.0018466538631998818,
    0.0016989215541438913,
    0.0016989215541438913,
    0.0015511892450879006,
    0.0015511892450879006,
    0.0013295907815039148,
    0.0012557246269759197,
    0.001920520017727877,
    0.0014773230905599055,
    0.001920520017727877,
    0.003176244644703797,
    0.0016989215541438913,
    0.007386615452799527,
    0.0013295907815039148,
    0.001625055399615896,
    0.001625055399615896,
    0.001625055399615896,
    0.0018466538631998818,
    0.0016989215541438913,
    0.0014034569360319102,
    0.0016989215541438913,
    0.001920520017727877,
    0.0013295907815039148,
    0.0014773230905599055,
    0.005392229280543655,
    0.001920520017727877,
    0.004949032353375684,
    0.0023637169448958487,
    0.003767173880927759,
    0.0017727877086718866,
    0.0028807800265918154,
    0.0025853154084798345,
    0.00406263849903974,
    0.0019943861722558722,
    0.0011818584724479244,
    0.0035455754173437733,
    0.00406263849903974,
    0.004210370808095731,
    0.007017284680159551,
    0.0031023784901758012,
    0.0025853154084798345,
    0.005835426207711627,
    0.004136504653567736,
    0.008420741616191461,
    0.0033239769537597875,
    0.0011818584724479244,
    0.0014773230905599055,
    0.002142118481311863,
    0.0016989215541438913,
    0.0031023784901758012,
    0.0015511892450879006,
    0.0008863938543359433,
    0.0015511892450879006,
    0.001920520017727877,
    0.0018466538631998818,
    0.00022159846358398583,
    0.0002954646181119811,
    0.0003693307726399764,
    0.00007386615452799527,
    0.00022159846358398583,
    0.000517063081695967,
    0.00007386615452799527,
    0.00014773230905599054,
    0.0003693307726399764,
    0.00007386615452799527,
    0.00014773230905599054,
    0.0002954646181119811,
    0.0002954646181119811,
    0,
    0.00007386615452799527,
    0.00022159846358398583,
    0.00044319692716797166,
    0.00022159846358398583,
    0.00014773230905599054,
    0.00014773230905599054,
    0.00014773230905599054,
    0.00014773230905599054,
    0.00044319692716797166,
    0.00022159846358398583,
    0.00014773230905599054,
    0.00014773230905599054,
    0.0002954646181119811,
    0.0003693307726399764,
    0.0002954646181119811,
    0.00014773230905599054,
    0.000517063081695967,
    0.000517063081695967,
    0.00022159846358398583,
    0.00022159846358398583,
    0.00022159846358398583,
    0.00007386615452799527,
    0.0003693307726399764,
    0.00014773230905599054,
    0.00014773230905599054,
    0.00007386615452799527,
    0.00014773230905599054,
    0.00014773230905599054,
    0.0005909292362239622,
    0.0002954646181119811,
    0.0002954646181119811,
    0.00007386615452799527,
    0.0002954646181119811,
    0.00022159846358398583,
    0.00014773230905599054,
    0.00014773230905599054,
    0.0003693307726399764,
    0.00007386615452799527,
    0.0002954646181119811,
    0.00022159846358398583,
    0.00007386615452799527,
    0.00007386615452799527,
    0.00007386615452799527,
    0.0003693307726399764,
    0.00022159846358398583,
    0.0003693307726399764,
    0.00022159846358398583,
    0.18200620475698034,
    0.00007386615452799527,
    0.18208007091150835,
    0,
    0,
    0.0003693307726399764,
    0.00022159846358398583,
    0.0003693307726399764,
    0.00022159846358398583,
    0.0003693307726399764,
    0.00044319692716797166,
    0.00022159846358398583,
    0.00022159846358398583,
    0.00022159846358398583,
    0.000517063081695967,
    0.000517063081695967,
    0.0003693307726399764,
    0.0003693307726399764,
    0.00022159846358398583,
    0.00044319692716797166,
    0.00007386615452799527,
    0.0002954646181119811,
    0.0002954646181119811,
    0.00044319692716797166,
    0.0006647953907519574,
    0.00022159846358398583,
    0.000517063081695967,
    0.0002954646181119811,
    0.0008863938543359433,
    0.0003693307726399764,
    0.00014773230905599054,
    0.00022159846358398583,
    0.00044319692716797166,
    0.00044319692716797166,
    0.0009602600088639386,
    0.00007386615452799527,
    0.00007386615452799527,
    0.00007386615452799527,
    0.00014773230905599054,
    0,
    0.00007386615452799527,
    0.00014773230905599054,
    0.00014773230905599054,
    0.00014773230905599054,
    0.00007386615452799527,
    0.00014773230905599054,
    0.00007386615452799527,
    0,
    0,
    0.00007386615452799527,
    0.18200620475698034,
    0,
    0.00007386615452799527,
    0,
    0,
    0,
    0,
    0,
    0,
    0,
    0,
    0,
    0,
    0,
    0,
    0,
    0
]